
==================== New Model, trained the last: 86 layers, until layer: block_7_project, start time: 01-23 16:01:39 ====================
{'val_loss': [6.432787656784058, 3.72833251953125, 2.7560943365097046, 4.5621336698532104, 3.7021305561065674], 'val_acc': [0.0, 0.10000000149011612, 0.0, 0.20000000298023224, 0.20000000298023224], 'loss': [2.7380698919296265, 2.2783124446868896, 2.579428791999817, 2.1900543570518494, 2.12080180644989], 'acc': [0.10000000149011612, 0.10000000149011612, 0.5000000149011612, 0.4000000134110451, 0.30000000447034836]}

Maximum val_acc of: 0.20000000298023224 found at epoch: 4, corresponding loss: 2.1900543570518494, acc: 0.4000000134110451, val_loss: 4.5621336698532104
Done in: 43.466378927230835 seconds


==================== New Model, trained the last: 86 layers, until layer: block_7_project, start time: 01-23 16:14:48 ====================
{'val_loss': [2.0205999612808228, 1.9188150763511658, 2.0029675364494324, 2.2339248061180115, 2.034460484981537, 1.8505610823631287, 1.703137218952179, 1.3692689538002014, 1.3654768466949463, 1.4560224413871765, 2.1918211579322815, 1.412221372127533, 1.5987641215324402, 1.5139599442481995, 2.104647159576416, 2.8130820989608765, 2.0741918683052063, 1.8459935188293457, 1.8794225454330444, 1.5376414060592651, 1.3133074045181274, 1.1693508923053741, 1.222947359085083, 1.0298804640769958, 1.1963030099868774, 1.073878288269043, 1.2443468570709229, 1.002129077911377, 1.0233815908432007, 0.8157347142696381, 1.0026522278785706, 0.6532503068447113, 1.0761774182319641, 1.245663583278656, 1.5264447629451752, 1.2601132988929749, 1.047636941075325, 0.7810132801532745, 0.6015234887599945, 0.627870500087738, 0.7631914913654327, 1.0417738556861877, 0.9764473736286163, 1.4335060715675354, 1.4117407202720642, 2.006773829460144, 1.5199143290519714, 2.086524724960327, 1.636241376399994, 1.799864411354065], 'val_acc': [0.3800000101327896, 0.4000000059604645, 0.30000000447034836, 0.3200000002980232, 0.4000000059604645, 0.3799999952316284, 0.5199999958276749, 0.6400000154972076, 0.6800000071525574, 0.6599999964237213, 0.5799999982118607, 0.5600000023841858, 0.6200000047683716, 0.5600000023841858, 0.5599999874830246, 0.41999998688697815, 0.5199999809265137, 0.6000000238418579, 0.5200000107288361, 0.5799999982118607, 0.5799999833106995, 0.6200000047683716, 0.6399999856948853, 0.5799999982118607, 0.5999999940395355, 0.6400000154972076, 0.6000000089406967, 0.6599999964237213, 0.7199999988079071, 0.6800000071525574, 0.7000000178813934, 0.7599999904632568, 0.7200000286102295, 0.7399999797344208, 0.7000000178813934, 0.6600000262260437, 0.800000011920929, 0.8199999928474426, 0.8599999845027924, 0.7999999821186066, 0.7999999821186066, 0.7199999988079071, 0.7800000011920929, 0.7600000202655792, 0.7800000011920929, 0.6800000071525574, 0.6599999964237213, 0.5999999940395355, 0.7000000178813934, 0.6800000071525574], 'loss': [2.218856453895569, 1.816747784614563, 1.3135599493980408, 1.1680680513381958, 0.7212976217269897, 0.6962558925151825, 0.5094562321901321, 0.39390452206134796, 0.7510205507278442, 0.3231457993388176, 0.644432783126831, 0.8031414300203323, 0.646780401468277, 0.22746221721172333, 0.3922799974679947, 0.3974490463733673, 0.5156617015600204, 0.6092379540205002, 0.2664709836244583, 0.5879612676799297, 0.6096487939357758, 0.24104171246290207, 0.3555707484483719, 0.25961291790008545, 0.22049551457166672, 0.21539884060621262, 0.7512379288673401, 0.16962305456399918, 0.137858547270298, 0.20517535507678986, 0.16125904396176338, 0.2760915979743004, 0.20627840608358383, 0.18167100846767426, 0.0892336331307888, 0.1859816610813141, 0.2571970671415329, 0.25292088091373444, 0.2299613393843174, 0.31555234640836716, 0.3634811118245125, 0.06862157769501209, 0.20057078590616584, 0.4182340204715729, 0.24782732874155045, 0.1532791703939438, 0.10107068903744221, 0.10560925304889679, 0.07053828984498978, 0.1852922923862934], 'acc': [0.2199999988079071, 0.4399999976158142, 0.5600000023841858, 0.5799999833106995, 0.699999988079071, 0.6800000071525574, 0.8599999845027924, 0.8399999737739563, 0.7199999988079071, 0.8600000143051147, 0.7399999797344208, 0.7800000011920929, 0.7400000095367432, 0.9000000059604645, 0.8599999845027924, 0.8400000035762787, 0.7999999821186066, 0.7399999797344208, 0.9399999976158142, 0.8199999928474426, 0.7599999904632568, 0.8799999952316284, 0.8799999952316284, 0.9000000059604645, 0.9200000166893005, 0.9199999868869781, 0.7800000011920929, 0.9199999868869781, 0.9399999976158142, 0.9200000166893005, 0.9000000059604645, 0.8999999761581421, 0.9000000059604645, 0.9599999785423279, 1.0, 0.9399999976158142, 0.9199999868869781, 0.8799999952316284, 0.9199999868869781, 0.9199999868869781, 0.8799999952316284, 0.9799999892711639, 0.9399999976158142, 0.9000000059604645, 0.9399999976158142, 0.9399999976158142, 0.9599999785423279, 0.9399999976158142, 0.9600000083446503, 0.9199999868869781]}

Maximum val_acc of: 0.8599999845027924 found at epoch: 39, corresponding loss: 0.2299613393843174, acc: 0.9199999868869781, val_loss: 0.6015234887599945
Done in: 516.8708579540253 seconds

